year,week,count,sum
2010,10,2,2
2010,11,0,2
2010,12,0,2
2010,13,0,2
2010,14,1,3
2010,15,0,3
2010,16,0,3
2010,17,1,4
2010,18,1,5
2010,19,0,5
2010,20,1,6
2010,21,2,8
2010,22,2,10
2010,23,1,11
2010,24,0,11
2010,25,2,13
2010,26,0,13
2010,27,1,14
2010,28,2,16
2010,29,0,16
2010,30,1,17
2010,31,1,18
2010,32,0,18
2010,33,1,19
2010,34,0,19
2010,35,2,21
2010,36,0,21
2010,37,0,21
2010,38,1,22
2010,39,1,23
2010,40,2,25
2010,41,0,25
2010,42,0,25
2010,43,1,26
2010,44,1,27
2010,45,1,28
2010,46,1,29
2010,47,1,30
2010,48,0,30
2011,1,1,31
2011,2,1,32
2011,3,0,32
2011,4,1,33
2011,5,3,36
2011,6,2,38
2011,7,0,38
2011,8,1,39
2011,9,1,40
2011,10,0,40
2011,11,2,42
2011,12,3,45
2011,13,1,46
2011,14,0,46
2011,15,2,48
2011,16,3,51
2011,17,2,53
2011,18,4,57
2011,19,1,58
2011,20,5,63
2011,21,1,64
2011,22,0,64
2011,23,1,65
2011,24,2,67
2011,25,3,70
2011,26,0,70
2011,27,1,71
2011,28,2,73
2011,29,0,73
2011,30,2,75
2011,31,2,77
2011,32,0,77
2011,33,1,78
2011,34,3,81
2011,35,2,83
2011,36,3,86
2011,37,1,87
2011,38,1,88
2011,39,3,91
2011,40,1,92
2011,41,2,94
2011,42,0,94
2011,43,2,96
2011,44,2,98
2011,45,2,100
2011,46,10,110
2011,47,8,118
2011,48,0,118
2012,1,2,120
2012,2,3,123
2012,3,1,124
2012,4,0,124
2012,5,5,129
2012,6,1,130
2012,7,2,132
2012,8,5,137
2012,9,1,138
2012,10,1,139
2012,11,2,141
2012,12,5,146
2012,13,6,152
2012,14,2,154
2012,15,3,157
2012,16,3,160
2012,17,5,165
2012,18,2,167
2012,19,6,173
2012,20,4,177
2012,21,17,194
2012,22,5,199
2012,23,1,200
2012,24,10,210
2012,25,7,217
2012,26,3,220
2012,27,5,225
2012,28,7,232
2012,29,8,240
2012,30,4,244
2012,31,7,251
2012,32,6,257
2012,33,5,262
2012,34,4,266
2012,35,3,269
2012,36,3,272
2012,37,5,277
2012,38,2,279
2012,39,5,284
2012,40,6,290
2012,41,8,298
2012,42,4,302
2012,43,9,311
2012,44,4,315
2012,45,16,331
2012,46,7,338
2012,47,9,347
2012,48,5,352
2013,1,2,354
2013,2,6,360
2013,3,6,366
2013,4,7,373
2013,5,14,387
2013,6,1,388
2013,7,8,396
2013,8,13,409
2013,9,2,411
2013,10,3,414
2013,11,9,423
2013,12,6,429
2013,13,12,441
2013,14,5,446
2013,15,9,455
2013,16,9,464
2013,17,4,468
2013,18,4,472
2013,19,8,480
2013,20,4,484
2013,21,3,487
2013,22,14,501
2013,23,16,517
2013,24,9,526
2013,25,3,529
2013,26,3,532
2013,27,2,534
2013,28,15,549
2013,29,18,567
2013,30,9,576
2013,31,13,589
2013,32,10,599
2013,33,8,607
2013,34,3,610
2013,35,17,627
2013,36,9,636
2013,37,13,649
2013,38,9,658
2013,39,12,670
2013,40,10,680
2013,41,15,695
2013,42,11,706
2013,43,5,711
2013,44,8,719
2013,45,8,727
2013,46,11,738
2013,47,22,760
2013,48,12,772
2014,1,16,788
2014,2,15,803
2014,3,10,813
2014,4,13,826
2014,5,19,845
2014,6,19,864
2014,7,12,876
2014,8,18,894
2014,9,11,905
2014,10,7,912
2014,11,20,932
2014,12,89,1021
2014,13,33,1054
2014,14,15,1069
2014,15,15,1084
2014,16,22,1106
2014,17,17,1123
2014,18,15,1138
2014,19,14,1152
2014,20,14,1166
2014,21,15,1181
2014,22,13,1194
2014,23,11,1205
2014,24,15,1220
2014,25,15,1235
2014,26,10,1245
2014,27,8,1253
2014,28,9,1262
2014,29,16,1278
2014,30,15,1293
2014,31,10,1303
2014,32,11,1314
2014,33,16,1330
2014,34,6,1336
2014,35,16,1352
2014,36,12,1364
2014,37,10,1374
2014,38,13,1387
2014,39,18,1405
2014,40,12,1417
2014,41,21,1438
2014,42,11,1449
2014,43,11,1460
2014,44,13,1473
2014,45,6,1479
2014,46,19,1498
2014,47,10,1508
2014,48,13,1521
2015,1,12,1533
2015,2,16,1549
2015,3,18,1567
2015,4,13,1580
2015,5,20,1600
2015,6,17,1617
2015,7,8,1625
2015,8,18,1643
2015,9,12,1655
2015,10,12,1667
2015,11,21,1688
2015,12,22,1710
2015,13,21,1731
2015,14,20,1751
2015,15,16,1767
2015,16,15,1782
2015,17,13,1795
2015,18,11,1806
2015,19,9,1815
2015,20,10,1825
2015,21,16,1841
2015,22,12,1853
2015,23,15,1868
2015,24,12,1880
2015,25,14,1894
2015,26,10,1904
2015,27,12,1916
2015,28,19,1935
2015,29,17,1952
2015,30,13,1965
2015,31,9,1974
2015,32,13,1987
2015,33,17,2004
2015,34,6,2010
2015,35,14,2024
2015,36,7,2031
2015,37,11,2042
2015,38,11,2053
2015,39,11,2064
2015,40,12,2076
2015,41,19,2095
2015,42,10,2105
2015,43,12,2117
2015,44,12,2129
2015,45,12,2141
2015,46,10,2151
2015,47,9,2160
2015,48,11,2171
2016,1,6,2177
2016,2,15,2192
2016,3,13,2205
2016,4,8,2213
2016,5,7,2220
2016,6,8,2228
2016,7,4,2232
2016,8,9,2241
2016,9,5,2246
2016,10,9,2255
2016,11,4,2259
2016,12,14,2273
2016,13,11,2284
2016,14,6,2290
2016,15,7,2297
2016,16,10,2307
2016,17,11,2318
2016,18,15,2333
2016,19,4,2337
2016,20,6,2343
2016,21,15,2358
2016,22,13,2371
2016,23,6,2377
2016,24,6,2383
2016,25,14,2397
2016,26,6,2403
2016,27,5,2408
2016,28,6,2414
2016,29,3,2417
2016,30,8,2425
2016,31,7,2432
2016,32,10,2442
2016,33,5,2447
2016,34,8,2455